,id,Indoor/Outdoor,Commercial / Residential,ENERGY STAR Certified,Hardware Included,Package Quantity,Flooring Product Type,Color,Tools Product Type,Included,Voltage (volts),Assembly Required,Features,Wattage (watts),Finish,Shape
0,114689,0.010409254442265788,0.05852263594247605,0.2938222762367226,0.025738854231184233,0.036954166506222,0.0210462724874623,0.040521002154736724,0.02567924281240052,0.05251291338218994,0.32333760923065796,0.011845792721059652,0.0348571334658093,0.008340089398468661,0.02686679427043389,0.02954596271790754
1,183172,0.12254617509503285,0.12793976453417244,0.06938878669871316,0.04201949488343137,0.07889060158508361,0.04043016507623199,0.04284536434404768,0.08262320652810703,0.06732141651295388,0.06979194077873652,0.04635016954694318,0.06923508173428404,0.04502705413808341,0.06330809669011359,0.03228268185406824
2,217304,0.026386089618380522,0.03028103291033571,0.05695991704828834,0.0407939135778289,0.05908552756607587,0.04718779618046294,0.039828066945523655,0.15566615841901812,0.06516575260685913,0.06816766862532346,0.018595803110689535,0.0317897700815975,0.022149581065645567,0.26392918874390536,0.07401373350006722
3,184115,0.018451189531757315,0.061161512727310664,0.04270288103316954,0.03965753586057752,0.09221642300333734,0.076950417129064,0.09690643403233869,0.11762587247736193,0.07853334009141542,0.11428457049728849,0.018186879249906078,0.11438395306598052,0.009940353045593715,0.03997913353325685,0.07901950472163949
4,103786,0.027003411170235147,0.08773835103963884,0.029984347565486628,0.051060704017080974,0.1247470613291261,0.04428852297600111,0.0568154230319463,0.06867183070009497,0.11262506292563788,0.1018014310786741,0.04809590735970067,0.16479092097115008,0.00693397895463997,0.0361273269978637,0.039315719882727945
5,202789,0.057175902563233585,0.11084260948090689,0.051507136654147,0.06098744072865761,0.13148823819143665,0.05389812541974444,0.03722254385410104,0.07894367768257794,0.07004492381881605,0.08487877381045274,0.029091094071136456,0.1512877710383874,0.01245733111247452,0.029563108453043132,0.040611323120877514
6,208062,0.009719502394990375,0.12537248932921266,0.06397834196948146,0.039767549145941876,0.1330097194046994,0.02283668383589297,0.09698810697061735,0.09176662946385035,0.0905821376580793,0.046568597029954584,0.016856458553503696,0.060257735960444,0.007705316144849068,0.07674655850647352,0.11784417363200471
7,177644,0.03174898736160257,0.02591400028303645,0.03323247473322695,0.036332571841474856,0.09320157015424842,0.08217826301931495,0.11638499551645294,0.16636470581332097,0.11664254120364431,0.058562377678733776,0.012975657204146132,0.1323667753158699,0.009184991126271327,0.030423139901213914,0.054486948847442825
8,117538,0.02020026245466476,0.030536815117392282,0.1264363473000439,0.01830537037945027,0.16513921376150822,0.03413902985319125,0.13747387653770002,0.07503674279598586,0.08818945855181394,0.09911533623906364,0.016056308718136295,0.08253180865859903,0.0040064908126882905,0.02148795255535811,0.08134498626440591
9,198085,0.05953328421451761,0.08090505741068826,0.10169881061570651,0.03240967230250998,0.06532405393288823,0.05231731035047807,0.059043271500259425,0.11935291330252287,0.04229571108150254,0.0894743057962898,0.05595111074269601,0.043225686149626116,0.07302739262941899,0.08738554039837267,0.03805587957252529
10,151405,0.009832382563118346,0.06743575756509024,0.12390095481216232,0.029460078302408987,0.08696021921073384,0.03970049994307619,0.08500437494220119,0.03995402301911671,0.08387927839789791,0.20494152267221055,0.020293245646152345,0.047104327643341055,0.022396042796101544,0.0653316085342785,0.07380568395210955
11,168677,0.019621251343138586,0.05501593587290274,0.09326859636645518,0.06385082765332317,0.1258620249999009,0.06637532855914122,0.09895972319514282,0.05369950922234488,0.09612668965448934,0.08141682862079792,0.03502230350582591,0.07353208826354542,0.03301743156841939,0.042354293460409934,0.06187716771416524
12,138021,0.03546700655756865,0.03640812755116603,0.08960746099946681,0.030347242302210507,0.13186177999730872,0.03426508384873181,0.11215338019794936,0.11428023571104069,0.1325550312502546,0.03525676076983212,0.018514061629935335,0.08636905990828771,0.007985400080612062,0.06218306034197001,0.07274630885366676
13,215825,0.03249871838277824,0.08284251379059851,0.09832458970495692,0.07542697701611585,0.05369652589818625,0.03645829977137433,0.03854110096698747,0.09180711853079178,0.05202387339170018,0.14714615083227783,0.0356386123658409,0.10595951645142535,0.05722793437773387,0.04817894759218625,0.044229120927045104
14,137724,0.005537736653701709,0.1037847187805071,0.07354330242519234,0.03218458299511997,0.13886696471322169,0.04136104659780738,0.13584078852080667,0.04720690128786756,0.11230806824018545,0.09713767307562962,0.010605522415537352,0.07742266059119751,0.004911303831273846,0.029079648298587807,0.0902090815733634
15,155792,0.026799287947187982,0.07829248480715655,0.05153958585852656,0.023505168130062454,0.088590684573608,0.07608334669494311,0.07402410940494417,0.12340134227437576,0.1389720194593189,0.0673113694797419,0.014292299965376516,0.1159078459350852,0.010108383603596097,0.043322475352871904,0.06784959651320457
16,169327,0.011569602605159072,0.23107755332396712,0.032303909238125025,0.02790299682204203,0.13529804737348214,0.021857798100967864,0.07266439917647358,0.052375410687889166,0.14607049576087777,0.06388027503823296,0.013752480737416195,0.04547443774935893,0.0031515161840257964,0.06698310198496904,0.07563797521700841
17,123993,0.014863831125201761,0.03780282176206248,0.02284402313985099,0.11797028786591195,0.09286136988291412,0.014016260010653708,0.03329731434051856,0.017840703634041808,0.05130376534974008,0.08732586189743852,0.003285477467742205,0.03351413427595634,0.008148513349907915,0.3344558908707302,0.13046974502733044
18,199552,0.04326213110218415,0.06080681834095004,0.039882256182187055,0.10889429827871479,0.1417685968608112,0.030675101947598753,0.029945060255333507,0.06593823253118138,0.12000335966945451,0.0722794766431321,0.02312978063691329,0.07362319633680442,0.026015432849401953,0.1284017741196707,0.0353744842456649
19,203795,0.040536406839211704,0.032798057492575874,0.09007693120462237,0.037475097220676226,0.0580233980175812,0.04001980288335647,0.06088316018488144,0.05543661778271538,0.1748602388050417,0.13526945498028212,0.03456772363322962,0.05492215325081753,0.014421539102881952,0.12214960672179057,0.04855981188033285
20,192622,0.011891421762788977,0.025346576395814408,0.04740013631149261,0.12702395292852858,0.08320761869683763,0.02839460884581062,0.05292202621457864,0.02979765306377343,0.09842623542903961,0.22875080717098625,0.012225367805050832,0.07600339439286011,0.10079548231374992,0.036684196754849,0.04113052191383696
21,201806,0.017547617298017282,0.11868591678413913,0.041741590071230426,0.08105885523971655,0.12131021637531997,0.03342682234043785,0.07916841958143529,0.040805625132557685,0.14198111863793167,0.06339650951589677,0.04021200482369298,0.0605440369215259,0.03907599782392856,0.03320349785559209,0.08784177159857896
22,108711,0.033165254845555193,0.06144267400571383,0.14911142456489607,0.046898852463024214,0.09322956773510926,0.034984227700002556,0.03715856999419781,0.20051176710451765,0.05985655647207379,0.12027876152198282,0.015542776388975454,0.07121121765663561,0.009867575531630418,0.03481520422974118,0.031925569785942486
23,129152,0.05548947625764754,0.10457528420967181,0.050467410967382394,0.057108737679841995,0.07003552273466115,0.06027912781157533,0.05255220281812985,0.0773547838555633,0.04708680720422141,0.12188635939761815,0.050210954245431,0.07971327305790725,0.04933557283801341,0.04955731248220173,0.07434717444013572
24,164388,0.04192624569523332,0.09955302160619953,0.06100510583234416,0.0587576994260545,0.041890710226298054,0.046058363246031464,0.07169254425318497,0.05221021836565928,0.0591438766437207,0.11784791110496538,0.13411396077097132,0.06110242027630758,0.059746705110001734,0.049254525803503146,0.045696691639521565
25,208825,0.06060078755021679,0.104401580131272,0.0784002632488973,0.018262140139064683,0.06984038046814754,0.0794002806382348,0.05113518674987434,0.07663715778518423,0.15392973946605018,0.060193096627057116,0.03226223444553273,0.05750140848171466,0.07705190164295785,0.03948938457854826,0.04089445804724673
26,117582,0.041572769820190515,0.08375692295220141,0.07531925968158294,0.05724991697859598,0.11711178876715422,0.062006427696401606,0.037263381555135845,0.07449808046996323,0.06529786646438486,0.12029182787739576,0.06174757981890976,0.08807506664859785,0.019952209662919995,0.06813692430920383,0.027719977297356493
27,171221,0.011212377128509867,0.07470176849725686,0.039502455356556096,0.05476810941721072,0.052799045401836386,0.054545234626128515,0.07591024041037003,0.055686937923014296,0.08332077287542809,0.08187924428975393,0.03001678080751471,0.07000324725662062,0.23394129397694585,0.04670772116304043,0.03500477086981029
28,122140,0.013952527560766573,0.027062513292414467,0.024238439235456884,0.014154290249324878,0.21876335341905828,0.02922991489941134,0.1869612011268129,0.07123023892045856,0.1206052786896739,0.051617969796200563,0.023653032930842723,0.06902682256131848,0.008505914925236339,0.04114861029474788,0.09984989209827928
29,167146,0.007656800240451799,0.12290135208144361,0.03509138972137325,0.027807644215968985,0.09550753596830362,0.016952904649120182,0.10118165023863031,0.035675167825326176,0.08119618203188379,0.13156819148565732,0.01790802781625062,0.07984130930808195,0.028775352390981276,0.13304166176111012,0.08489483026542181
30,217765,0.08880346296093448,0.12235184675163621,0.07695162530082804,0.0643372854789897,0.09080480584478653,0.062054702425859073,0.04488005609173826,0.07260117709781708,0.10463748248948745,0.09889023189210977,0.014999736702553211,0.05778783082381702,0.021067635925961257,0.04660483382820325,0.033227286385277104
31,207068,0.010649717005256139,0.0426152726750449,0.03196574138660371,0.019869199525952553,0.08640968803033251,0.03011472483333578,0.1282581454371887,0.077296032228925,0.1681884313044927,0.02753274548159453,0.007252347922697566,0.056936614530075674,0.002520274862449507,0.06921216598942022,0.2411788987866256
32,169558,0.009227489207239188,0.19390548689749454,0.060917499657314675,0.048124526226236156,0.14265278940620268,0.021665319908503077,0.0821146735308192,0.059324933783972814,0.09122066430002039,0.10833329822344946,0.021552178433328434,0.06501521335696343,0.008448044206374149,0.04170677165343332,0.045791111208655096
33,170080,0.02869568666736162,0.06645102185584062,0.05116152809954502,0.03585183208169095,0.08902573044395246,0.04705643592413312,0.09382505756576748,0.032122650992787,0.1410133658914174,0.060016811373226904,0.09284619498502,0.10443879904914091,0.014400694272115409,0.05224180926540484,0.09085238153259557
34,218314,0.023305663944873448,0.09631496100191966,0.13268726217695534,0.051566466634451864,0.0815537725288728,0.04360135885408422,0.08102155561862272,0.05502978176550354,0.07714030652890014,0.0969760002978883,0.0053591993585792655,0.10218187362393133,0.0039642976843672646,0.05943844725439341,0.08985905272665787
35,205872,0.0203758745801534,0.04697247156439084,0.06086738196138665,0.051429178828596246,0.14789608038448454,0.029459094635938605,0.06202157007206001,0.044237863007718974,0.0894663104136041,0.17452650595255553,0.01085222070674938,0.11213865884954895,0.006315523892586397,0.05717727564870307,0.08626398950152733
36,130881,0.03651405251418063,0.044325568615360106,0.05101847469298357,0.05511696832929855,0.1092041680055218,0.0528441752040087,0.11583872688694108,0.07223216314846165,0.13755908570151937,0.06512805167792836,0.01429460577814558,0.1033484801148742,0.006444978060268189,0.03572056365283672,0.10040993761766594
37,178244,0.05731121623566759,0.07900469993730774,0.04651806298556363,0.04757305257746517,0.08520587912967291,0.06620640236140336,0.05128991365136663,0.0832243626257428,0.0861452801632542,0.0731284311576017,0.017524164337040845,0.1842884215133254,0.019274600322871756,0.05140750779086252,0.0518980052108542
38,184615,0.021984791046882654,0.21501029388417292,0.04914284360428523,0.04405111349125053,0.03771989901629382,0.04763404116100073,0.03481164382556048,0.10348327039935024,0.06423757187557472,0.09100967572471956,0.051795502754093066,0.059953457194080365,0.09956451741942358,0.05625502435137219,0.02334635425193875
39,178317,0.044908608095887745,0.04472394337810047,0.07860661557056585,0.11331314483378464,0.02832601490138792,0.05177241146848825,0.05953331745360001,0.10999290918231151,0.12353419613162626,0.07317219000777699,0.020814437656021714,0.05966805301010655,0.044450023977515137,0.08498722273619994,0.062196911596626284
40,105342,0.020131980971872715,0.04265675573336362,0.08022579399199385,0.03181848282350465,0.12373158489703084,0.07671591684824862,0.07172784576297207,0.08678607111362018,0.1516581500032479,0.10430305479333557,0.03325285504090833,0.05865274637607201,0.01688960862705714,0.03160741525553648,0.06984173776123778
41,182402,0.06434861154514922,0.07021709089597854,0.039530541123051106,0.035960785356337344,0.07458841989328194,0.03287327108504595,0.11178513001269731,0.07135912465175223,0.1109034302471768,0.1063448269647836,0.053431555073115554,0.10394960694724673,0.01701587534207603,0.039630700161144006,0.06806103070116931
42,158048,0.03966911673298758,0.10026461890459336,0.05661887747066383,0.12156538958809639,0.1300300183189396,0.0312734400843518,0.044696016103436126,0.07644848938395347,0.051661171642300115,0.1277021242484633,0.01813048257818643,0.07738596115597739,0.013282602293481032,0.07498148648934766,0.03629020500522552
43,107699,0.05420129026008736,0.06001459419258345,0.24613522348167502,0.11504963925599523,0.05830230239459301,0.04491874980319683,0.032883705141266484,0.07152329726223097,0.06034653750926921,0.066147033762419,0.026877169083422723,0.05085005820331864,0.051545955944116935,0.03868768162428076,0.02251676208154182
44,128531,0.043559243410676574,0.07621406377408697,0.03041352359312475,0.02744118617899693,0.2815230477769823,0.04866429746791353,0.07035838718644219,0.038978930108661235,0.07629971576027185,0.07243064005978503,0.04238519462047467,0.06269007091430948,0.01785979864668381,0.05929551589493314,0.051886384606657336
45,222811,0.0810099842562495,0.05151424144914207,0.05499954480669227,0.0367097279584774,0.06064629197270775,0.037375639706609745,0.0455004878185424,0.1524327331702076,0.054062163238092625,0.0493696718000942,0.01926127461881348,0.2882056273566929,0.011508460843267388,0.026001821904252626,0.031402329100159616
46,207170,0.027220172493493452,0.06695020807794434,0.13246839372893301,0.059346960586053134,0.05913221908873465,0.06866498497097544,0.05424370974741864,0.08354279902457859,0.09693579656780435,0.05359092747790909,0.029291559642579974,0.11660516847523142,0.019531358737550686,0.08513254342773784,0.047343197953053105
47,169811,0.034480177350874004,0.08613014993387916,0.04584683985080559,0.03363511631930488,0.20809142925606058,0.07190253536463351,0.06498458634824499,0.08525654407471207,0.0880413891385716,0.0669654849980216,0.03615130578502843,0.058841799688775884,0.026392311904757958,0.0391911216940735,0.05408920829225957
48,100408,0.04780650741346015,0.09975513294758559,0.03838473592951877,0.040642855035443515,0.12155910976464034,0.043947168959635734,0.10687590654467316,0.06662306092960615,0.1448133385457305,0.07901808757160383,0.03372461931197808,0.08025121670105854,0.011343917186904648,0.019112244365496023,0.06614209879266691
49,101524,0.041307645641574055,0.08777447470479208,0.09923493532389115,0.027758408269851542,0.08083177987836919,0.037826213345453726,0.1567761645242885,0.05986887987345572,0.07308371087233138,0.03854716928698079,0.010816430745082158,0.06932259126023323,0.02068894189573956,0.08143336916586413,0.11472928521209769
50,143000,0.039793100226786775,0.04730328848899025,0.10178505239648611,0.0961372831220398,0.05981813942968208,0.028997580134457013,0.05464044030522332,0.1113363750363934,0.07154071122685773,0.07272967310605619,0.032380326438931906,0.1015672014264321,0.039066270830723664,0.08559374884399087,0.05731080898695209
51,132078,0.060166666354760395,0.10872374321677165,0.056674028223627236,0.027563363230235758,0.05177846724811024,0.05119814904554799,0.045876868733146337,0.040879830310955254,0.1521070912151046,0.15525598780507383,0.02637639687991829,0.07459440328021594,0.02362484668877454,0.07103833575558435,0.0541418220121746
52,219667,0.11222623492259096,0.06298316193225509,0.0359954884130778,0.03687981981921086,0.11863235047610907,0.058478587359398364,0.08026003524209908,0.06497408027317503,0.11655323921118116,0.03476385151091862,0.015146509158815255,0.12004433992710536,0.002189874404690433,0.02665662762738756,0.11421579972198806
53,188640,0.03206604758561676,0.09222038274299497,0.03747055290171399,0.12556531303750149,0.10610750647623132,0.03467889037221192,0.04166417986768444,0.07025200005220153,0.07468133732869153,0.08026888454244992,0.02149209645501885,0.1940703787626571,0.02054049609477633,0.026074673987612467,0.04284725979264208
54,196348,0.017879197598351517,0.09936324441734294,0.040450786738951194,0.21181110575315504,0.10881437791318302,0.03567778284008279,0.05430088838813614,0.04448358667749334,0.06908910253661661,0.1190114083939233,0.008474978169080709,0.05524616628596741,0.011848833757661418,0.07638491537512472,0.0471636251549328
55,200257,0.018699287798955924,0.06555583835046122,0.03500138067135921,0.02974136512077478,0.21314653180132945,0.016619127559227495,0.12223530639684334,0.03143598988423672,0.1292224256827044,0.05673834362000507,0.011537538238636048,0.08015039294685769,0.012623530412887109,0.08409499849690306,0.09319794301882073
56,171381,0.02939191689321414,0.05848585614331279,0.039893251229517694,0.02973949161917464,0.1052369579882958,0.11830022429112828,0.11306516505789403,0.05410240471883793,0.11585939630190352,0.04885749884760866,0.01880316554860035,0.06434792578348027,0.08458982516269155,0.038134315379163716,0.08119260503517553
57,210398,0.01042241661299859,0.046288497741000106,0.11638623547978239,0.04957747011832508,0.09629819400659383,0.09640564026904816,0.08115858122733664,0.04674758896599463,0.1541817800622279,0.0597363669730707,0.007390439244446565,0.058377891471157906,0.004934190562943326,0.08742595172487862,0.084668755540202
58,126052,0.04880886601288903,0.07262843581390387,0.05494271897984007,0.06449263476870086,0.10637523870734795,0.061858106437996406,0.0977678573846564,0.07265415739917853,0.10810687515661269,0.026239445891482548,0.014636686698308093,0.12134671496538017,0.009770446049990661,0.07403930303147642,0.06633251270223074
59,111266,0.06712864316240531,0.06506201762681857,0.06543542242157348,0.05760348881281367,0.09148300116049066,0.08176097328451357,0.06521610650657557,0.15270232260986039,0.07305025603901391,0.0296875804741101,0.014552709973695503,0.11407850732973758,0.019951048964809044,0.04744405483826857,0.05484386679531585
60,130716,0.0245532692542442,0.1347997407890454,0.05545963213151502,0.05422003283166458,0.06744877791002316,0.03692903833829076,0.06002805330856424,0.043392847591740745,0.08665298207889947,0.22261665190259425,0.01581331882836033,0.06072122306138169,0.004653541565991259,0.07999358918227548,0.05271730122541101
61,106068,0.06933373484025179,0.11516653963126124,0.09200752201779276,0.02024463031521602,0.05914751418803248,0.05230374166222063,0.09932066495877157,0.043893103910581335,0.08843874764250562,0.15063933552850473,0.02557349772692804,0.0731635128007686,0.008667486030716615,0.04641742381856014,0.05568254492788528
62,133841,0.061029980840854745,0.07682370651079153,0.06281511648821617,0.043950427255500364,0.1193990366447617,0.06693131479218754,0.04362874685966314,0.04303698005256294,0.04268865480951661,0.08454108538771768,0.014627578691159143,0.12925541483810415,0.01491945342261706,0.10639375939565221,0.08995874401069698
63,173396,0.08684967690999781,0.05565294582129875,0.0682622020714577,0.02069295162240189,0.07779919300343731,0.11034978116702716,0.06627476151164904,0.09269630605492535,0.10900840586559915,0.029769488625939065,0.02289947654303629,0.19755444927066226,0.005643227889179549,0.019887355415283584,0.036659778228102916
64,181610,0.026812134182761828,0.09129978387321035,0.04152643039552228,0.03989637961980367,0.07710359094523601,0.09279222451464217,0.08457861136382804,0.055884884423346534,0.1900644405903925,0.1073983921915731,0.021189376589544253,0.024583116122938096,0.02283285897161916,0.085721182218181,0.038316593997404
65,128224,0.063805373106033,0.05033283049582709,0.07713450415606088,0.06159832633858714,0.09650723323242057,0.030265252925782568,0.1119642889167369,0.06105497625269138,0.09634106615394437,0.05281948468746376,0.008380065007370334,0.04236778307696498,0.02642700794675469,0.10905640882030333,0.11194539888305752
66,202870,0.018965386135799844,0.16135003351495245,0.08641265557437464,0.014567545759436924,0.1425876404889265,0.03604933847344659,0.06703765609370832,0.10131783465680212,0.11230324367868184,0.03979701855249869,0.014322006209229226,0.1193912766702162,0.003215926705236082,0.03748559944707655,0.04519683803961617
67,112539,0.0696568178316905,0.09792630712840648,0.03995486043784589,0.08079130224692319,0.11688197363175117,0.034971416225469405,0.05633956858541799,0.07390793670911183,0.09996646273772536,0.0927857021620486,0.04263129605471123,0.10593937739993892,0.019611029291624674,0.021564385975236133,0.047071563582095764
68,127831,0.04391278691065847,0.03181963894366008,0.06999681332578321,0.023006557554660686,0.10452632145027253,0.032884375049099995,0.07153987103966022,0.09653795152065221,0.11795538679490644,0.09993522922093685,0.010951651429250968,0.16544237794204295,0.009180220978721914,0.07713151557693344,0.04517930226275689
69,155609,0.02999320202132955,0.03586039296076202,0.20355240439297437,0.03430560666969141,0.06563303966760144,0.05007160009916071,0.03493661586210194,0.1374135969370901,0.061689293081976244,0.17438656723496884,0.019174605986962648,0.04421030619540884,0.017667953812623084,0.04240913001161444,0.04869568506573164
70,136623,0.23106953046249815,0.04756233116872776,0.03605443622214527,0.043457673478874,0.06014802856688738,0.05517621362292462,0.07453108094796292,0.08489811153801691,0.07313938534271881,0.055375690566808584,0.029264444090758422,0.07203280751965084,0.027463735232296834,0.04960012859803446,0.06022640264169656
71,142106,0.027777202485771642,0.050814588806114766,0.04609179669830706,0.03915772124354284,0.16913918635098177,0.022660532819966477,0.08691693242518804,0.10859227799287595,0.08230925107863646,0.04699379296504841,0.01270850909760893,0.09769314332326925,0.07863351073936717,0.07529678232940307,0.05521477164391454
72,114336,0.013198828523547396,0.05896676036177417,0.09236637773308995,0.02113993449860571,0.1083200555715647,0.08399992272858538,0.10446712419815637,0.11453327825321713,0.0847791079152708,0.08707695283410002,0.014301840052213513,0.08561869868034826,0.011843364817914752,0.028880752703149416,0.09050700112846347
73,114286,0.013928921019163579,0.10364048356263086,0.056884437427551046,0.02982732322036347,0.06390024153420737,0.05042364202373533,0.08141840536270338,0.06559669607693887,0.10571721954085933,0.14455473058832424,0.01489553912187215,0.16018546053870905,0.006171011379930562,0.0492675100417206,0.05358837856129031
74,168144,0.01887006785684136,0.055174357402616656,0.06304615280510796,0.03981244701827255,0.21515222679017154,0.0829268460065038,0.07630735700067338,0.0421489018217446,0.10702915447953051,0.11907516940653971,0.026803060770356553,0.06143524485579052,0.017913614714911208,0.030408434640031137,0.04389696443090686
75,200173,0.027011220038956254,0.06671682057912345,0.09989884108488102,0.022133320012973454,0.11219053559145503,0.027016221292301166,0.1951035660915959,0.03208495251388632,0.10759321074478223,0.07249517735786265,0.026317597497150687,0.059311087750870274,0.011142436500344036,0.0587324473771564,0.08225256556665857
76,219206,0.037292094289598586,0.07707310009907666,0.09527344787379179,0.04685594276315698,0.08069720188713417,0.08186195799047251,0.08212240584145857,0.05422011761656299,0.12165589500668127,0.08496741325577223,0.025007722633118554,0.05394754786248816,0.03706005025433794,0.057710672183701,0.06425443044264806
77,165350,0.024978920225569298,0.04920329272680576,0.08703184939965875,0.05091956689797531,0.050384200982041535,0.06708632109121218,0.0535816662943563,0.1022787958966985,0.11954514368266332,0.1720539313428496,0.04495433371420367,0.0739255933597135,0.032647710059056145,0.034485600574918854,0.036923073752278254
78,102708,0.1358727844513551,0.07414125412779114,0.02634053780946838,0.018627109552367557,0.16125700715330282,0.02690611753359324,0.09347288873981258,0.05828952798133471,0.16058292926497794,0.04727807659869406,0.01908044619109634,0.06995420490509238,0.014740550540399093,0.020653749191041616,0.0728028159596753
79,137057,0.059519680368948065,0.14879023177200196,0.03306071235438562,0.06135119241066288,0.0514500394768404,0.043339239168352306,0.04248968169205369,0.04752856519041308,0.12020921913359049,0.1148419804946257,0.06672689102788652,0.06015402232332863,0.05686436901889224,0.0632345088930636,0.030439666674954343
80,114759,0.039949126973871846,0.03652204527343803,0.06940877888311829,0.037485291664814575,0.1176646433319539,0.03508252856142614,0.09416422014714518,0.05985498506183589,0.12320112515581144,0.05074679160197243,0.015125744336479069,0.18274635765655958,0.007930932277562652,0.045532684999891125,0.08458474407412353
81,167942,0.045202243607157945,0.06911733735235348,0.06519728100727695,0.06816368573359198,0.1207992310620253,0.04907372521659145,0.060122112938383265,0.06283914338961699,0.05534316074114829,0.12321635950347366,0.07491786852254377,0.06196141562499875,0.0635292656564689,0.04496361963008079,0.035553550014285944
82,187572,0.05686168497373418,0.028076654577274415,0.02960677699104376,0.08081262134276593,0.1526276885303526,0.042587099000704155,0.07916983728275728,0.17933772669977557,0.045391372673892004,0.05851345685842128,0.02957083837388911,0.1152641178559143,0.010078410922338004,0.02726925393222388,0.06483245998490966
83,208609,0.07183246114958493,0.0829817633920227,0.09913521123217266,0.07398931988425622,0.0482474686750811,0.01865061243553618,0.023181010717502202,0.16497027526043326,0.0421717187106403,0.12891481334471025,0.07852964623532852,0.06429826519437502,0.024588566973350306,0.06401515810329704,0.014493708691712353
84,149653,0.012043227776393522,0.047848132854810294,0.12219033970197951,0.06939790538302977,0.09932041351931258,0.07132888125743662,0.08961339795695666,0.1686590854060712,0.07339560378743624,0.05092106476567131,0.006130999842694957,0.08832856461899435,0.011903045973181418,0.024581742066579714,0.06433759508945051
85,208700,0.02262667550945591,0.1090796922354286,0.05398104830499191,0.017071909437258743,0.09719279070230444,0.06722813288358628,0.05067317641224981,0.16195817035296653,0.07676973713257292,0.04050233307006387,0.04792728482110198,0.04641377250249556,0.16050222003667308,0.0181025593133109,0.029970497285537866
86,174823,0.05791853439627049,0.04574114775276458,0.045198580867020374,0.0874734305136286,0.10033341131734984,0.03964620805346423,0.03622863367671873,0.1966169002427834,0.09573908507441282,0.09667089431737133,0.013465316148897092,0.06683348370308784,0.022939067284979194,0.044918656074227854,0.050276650577024004
87,117704,0.032968243470789804,0.08199305970006927,0.05992398708980307,0.06115107928527227,0.11598390569256627,0.07389537274385981,0.03626234871932942,0.09769795054369539,0.09247189949779328,0.139666540664777,0.03295784284083343,0.09659341913897593,0.013113129878823987,0.02301481555141069,0.042306405181995514
88,176516,0.07136110670242797,0.12085219763733943,0.046418367933055954,0.03192414083385599,0.07152210669142389,0.062092543136627744,0.0389912800256203,0.10998765829175897,0.10014738072008549,0.13383365973998806,0.022469953515439667,0.09031826813603022,0.02738800791577938,0.038497720801788364,0.034195607918780915
89,223140,0.030813609989049036,0.1077620312787855,0.08138939776487085,0.05428724450621627,0.1103762511878053,0.03375411630690972,0.09538483251762304,0.08224328562436117,0.08564327338348539,0.0658552643647681,0.025579285702483245,0.06305213472383664,0.0467908453793871,0.04983753633486419,0.0672308909355558
90,179939,0.034298840444481164,0.08252328566128801,0.0727182369708812,0.030929047881150907,0.1340696227587749,0.02964668447989324,0.08355782933348285,0.09699279387764266,0.20035676395811422,0.055916358411203106,0.009804213980845253,0.04544194010692235,0.003310779774880889,0.031857364572665914,0.08857623778777222
91,218972,0.05337138079346058,0.0546731616792877,0.044802668381843595,0.11904142337777378,0.0383089152691949,0.12659373251826234,0.041207108956245096,0.0508875820141645,0.14009332278594477,0.04326497611429617,0.06972320128587506,0.07099386290763497,0.03957604891542387,0.07905079687496648,0.02841181812562537
92,190329,0.04417484489362539,0.04877366694150794,0.06101462259146259,0.18426416795910602,0.09032616006016073,0.016251922188694676,0.0744867478744305,0.05257484825695916,0.06537162450190029,0.09445322481250067,0.00692908736409296,0.1519205157448587,0.003764485036295159,0.05972885510318413,0.04596522667121971
93,206156,0.04410692093229893,0.06449680390409204,0.029405775844876775,0.08247987134652225,0.09190334941943773,0.07829226932399465,0.03533506944482236,0.13975421295920798,0.0681626809844032,0.057934927912055255,0.060904179606807225,0.10137526988070436,0.04882467017895004,0.06587252537019528,0.03115147289163282
94,178411,0.013888585270291208,0.06702490925015578,0.07425273002802879,0.04562944579556934,0.061714777945814106,0.03335459251918918,0.13131027756436572,0.06491593148944023,0.1019090624351845,0.11941944715304025,0.041407997863470596,0.042143204247509745,0.044867312265385796,0.08029998178506144,0.07786174438749192
95,149923,0.040945061030758734,0.07084065342586335,0.05037292951757824,0.012967762344548552,0.1360871770955453,0.06627271884181943,0.09565334174476578,0.05883630129279891,0.13354499092325195,0.05764411644214122,0.012027531021432347,0.1707481588962669,0.003803711920471281,0.029044810309431898,0.061210735193324664
96,169482,0.02334020631308852,0.09014539264516987,0.0783797203219255,0.041657643069205164,0.056675819437748104,0.04405847192074644,0.062702603570052,0.12457604342184857,0.03629261297078529,0.1358164914596774,0.12583654770292815,0.043570191958493217,0.06016757887025569,0.04329407883850372,0.03348659749957206
97,175582,0.02310017653936557,0.0765151518930149,0.07543459333516997,0.060526209123043,0.08265563052783159,0.059651228937967635,0.06446387181351951,0.03790328951032974,0.1008425996906687,0.17050264953445676,0.025295408067580825,0.07879841862029353,0.023031470393595665,0.06224063381515055,0.05903866819801441
98,154190,0.1765493089971355,0.06262316058615801,0.06985079619623275,0.05847139722463776,0.1038356711424782,0.05838453974905835,0.047663375914542026,0.053023571366549775,0.1040015359330989,0.06111907518209475,0.007285175016063503,0.056187134997044086,0.05198930419296915,0.05956904907373238,0.02944690442820245
99,205039,0.037814507162515595,0.06890384503621094,0.07091067698400415,0.04373629203378905,0.09099205110488168,0.035211131329698615,0.03908595658316126,0.03494468862029338,0.037899038048709324,0.21793367111648787,0.09725285225077485,0.107499802233979,0.030693679772723304,0.05681138277072917,0.030310424952042316
100,105550,0.004978346132357302,0.1268563922084768,0.07178884186874702,0.03528524500184482,0.08727033350731059,0.02208845408340768,0.12658776098922941,0.10734470858605245,0.11069140756196973,0.06679341993426767,0.007797433096088921,0.04548955861757901,0.0013864147073344851,0.05436195203866013,0.1312797316666745
101,166717,0.02324219490114508,0.04184800332962932,0.07480528839940913,0.02401015574477151,0.23082462316381075,0.027019886880674457,0.09717163464090764,0.06261963241057313,0.07817884894761826,0.07700824900792948,0.032305664036513804,0.07284254901673795,0.009681905874947395,0.037469773962521505,0.11097158968280552
102,205910,0.05213022393268151,0.03525370083006907,0.07505552404087609,0.043324697750621505,0.175495215895489,0.03261644465952885,0.1141051737147754,0.05986053137535888,0.12705190251813156,0.03785649378662819,0.005463134229520298,0.107755013584953,0.005227606924209081,0.027586007458987292,0.10121832929817032
103,110708,0.022337479161331098,0.060646496215012384,0.035813034835440544,0.03469155608644327,0.1220461800415343,0.12692258714180213,0.0743007893274274,0.10875496387038056,0.12870422987506835,0.03621253018751258,0.0072109729447827784,0.12079370525526555,0.008323785144852412,0.047822950109665606,0.06541873980348509
104,187002,0.03721604920267727,0.07862282232331652,0.03288500975682149,0.04532432261145408,0.11297910395605305,0.03303924743195487,0.11976688266153886,0.03191965531876421,0.14758369173704425,0.08176468287856982,0.031514731144473736,0.12182037467150879,0.008693970742948625,0.027993645726836592,0.08887580983603927
105,116261,0.01633279060870153,0.1375603412527871,0.034426077736232755,0.08391683309269016,0.16434785899098167,0.023401321992689208,0.03746618435075406,0.020426904977684478,0.08507974955350212,0.09848058499112106,0.01351029650436175,0.050105264123129045,0.00671778135630617,0.1486266387982188,0.0796013716708385
106,140525,0.030578047848735423,0.10036234606860538,0.08409205845872085,0.03852878293893819,0.07200519377545167,0.03440896812364047,0.06256442279479778,0.07493991242185596,0.1186254985860376,0.07147408127393863,0.01611126260799747,0.19031747995036072,0.013344772041289811,0.03811159401968131,0.054535579089950985
107,144760,0.02107298375421107,0.1686873513527199,0.058968060149729336,0.03249937184906048,0.09662512351783344,0.030342365408022296,0.10671952367169699,0.04739062281628534,0.10322983230687878,0.08483125237562092,0.023714584611893207,0.058012670445459366,0.017801664908017566,0.051602811760429,0.09850178107214873
108,178307,0.022632641838728478,0.05304623921570853,0.05150742139180576,0.04382790627365519,0.14300568490045498,0.024555714339961246,0.09156970541029011,0.04367634613743061,0.1507347139706816,0.057873918727475854,0.018927069899071457,0.06887850909441917,0.02952880035819654,0.1032074278273474,0.09702790061476993
109,190192,0.007786713291831101,0.21385085719668984,0.023245014768359547,0.03313224164347975,0.18309496510141318,0.014631979541395574,0.058954135192665694,0.03367219010067077,0.13700751445141385,0.10292086063511631,0.024012677460088325,0.033394415425986534,0.0019085841469620108,0.0571952007270435,0.075192650316881
110,121612,0.01569731580811688,0.18233773938488657,0.14913871639508575,0.017104421333132808,0.057913753360001416,0.06330841297081084,0.08445722832616612,0.035566798000696474,0.12039153032949751,0.07609708101732246,0.01606263029409004,0.04869503073980476,0.022362876330256038,0.021541409302455936,0.0893250564076802
111,102796,0.05734821119187249,0.06541111404120081,0.07441361330170232,0.013080931922853206,0.07521255640501578,0.06623849217433453,0.09943214719084807,0.08668905946767767,0.07791344594268518,0.10824611657619695,0.013435113007794887,0.09943376810471778,0.01781327421311025,0.06297599537569576,0.08235616108429221
112,194008,0.028491816541705794,0.0727164074148876,0.055802294709301564,0.03689892034086566,0.10299633531799827,0.12343685420928362,0.05056409629220945,0.20647218973696024,0.07127151775050637,0.04371073054133623,0.034422179595762256,0.09885044228816617,0.011960500446187813,0.021098005673863194,0.04130770914096228
113,220794,0.09820591879842812,0.11176976471235954,0.059863595527164096,0.0593902429251108,0.11368307211745206,0.071154105344147,0.06693772363080008,0.07337420919538246,0.07901896350049167,0.04928397369225985,0.04580779026578275,0.07922225986207532,0.018641809290932364,0.020075935385431593,0.053570635752184736
114,171810,0.04206346439466021,0.1176272115683762,0.055061453847184944,0.01897818285580674,0.03067738481961627,0.058718356376605205,0.03616341453530153,0.05434259518643906,0.04450159562634916,0.4232144134020976,0.026738664137432682,0.034360712243558425,0.010888091348455847,0.021006034175419342,0.025658425482697204
115,215438,0.016902841643913615,0.06206111176312249,0.08372802195126772,0.028164029047740423,0.0985019051827092,0.08011207889671537,0.06185889204266494,0.07768722216589921,0.08532763220424974,0.13241524659192305,0.02265164126783951,0.10407656469776651,0.022762673858320585,0.05946644924564283,0.06428368944022225
116,164675,0.03621495937942424,0.05792523824925515,0.03271400875947763,0.030382098951358207,0.10141290698458708,0.17457760214604945,0.092171553382427,0.0743233347245899,0.11516370015019742,0.07547833827760012,0.02256269566579702,0.08358964792266152,0.011726261539721613,0.03993765410281489,0.05181999976404081
117,208853,0.0297463715370972,0.14989297768402474,0.18418891550188568,0.0424196846122361,0.06664399451578819,0.027034104594318115,0.03659105015500948,0.06787940075175496,0.05537780574023442,0.08111106552232245,0.037115258664953014,0.07273605280855659,0.032735956262029235,0.09047335832021694,0.02605400332957087
118,168095,0.017062051573730908,0.023108722998975217,0.04486042898831057,0.010507226674220741,0.23915295794511895,0.09079901025887482,0.16485116165417074,0.05895776083991314,0.12873046704606333,0.022879082214839357,0.005646426153625668,0.0606126181902464,0.043394302828990684,0.016522311142451045,0.07291547149046189
119,177770,0.18979614132146508,0.04883995646853933,0.02761897454530644,0.053740495085496914,0.05540238918239944,0.07426802108367933,0.06670321506784077,0.07954433235480934,0.05858119870138153,0.04643427618926469,0.009689217397311125,0.10088879736592496,0.08766509955572054,0.051140349126862425,0.04968753655399657
120,216289,0.045508962862667174,0.14809545208286454,0.07420896648935572,0.054973612083551324,0.036400958082965396,0.08176538289795836,0.0328395108783833,0.12424560576856913,0.044933833782409394,0.09504519256777788,0.03355123008622603,0.10718410568486668,0.04733700478087327,0.06009720236021662,0.013812979591318306
121,174800,0.09954969524928943,0.0694690000656846,0.04836994217617365,0.048042937541928,0.07355738653258856,0.027701557370733938,0.06498453206814613,0.05936253252835787,0.13884292519976296,0.09922387240553573,0.036533329271336096,0.1322123482629356,0.014197190975484296,0.03970400865801734,0.04824874169402106
122,100893,0.027288857398659876,0.06430924421310293,0.07285316935128709,0.08778625924153445,0.1351346842524834,0.024397386613212124,0.094305010529414,0.03926335344228367,0.09562775850032787,0.17984375899110996,0.017777312690116374,0.051835145558591506,0.033054051016492884,0.024329091370263914,0.05219491683111572
123,186563,0.09178080516812935,0.15493124523781443,0.039849614968575815,0.0369159401385211,0.04564021885280089,0.050046902541785294,0.04167313861641379,0.04501625553321942,0.07417588240267203,0.19331886733165046,0.02762516807088141,0.05076364010580138,0.05574108967330229,0.05503712481513759,0.0374841065432968
124,152050,0.018618862656579787,0.19469659438422598,0.054176505016480934,0.07039154289010179,0.05665459642680664,0.09492223012327479,0.05398071862587831,0.08223002741263435,0.1082251739677446,0.05964256832520765,0.03756012004302995,0.07140117518693868,0.026233209247350012,0.029691958657574277,0.041574717036171896
125,156952,0.02230120299970247,0.13348637632200996,0.041434807537681466,0.07685005873106616,0.14542339653206712,0.04457255187641753,0.05343848571519536,0.032519369224683126,0.08882076425534552,0.08661028868386224,0.014492952554377056,0.11221666536065496,0.007829815306686944,0.08664824095330771,0.05335502394694712
126,117659,0.0379486499715412,0.10773077940483589,0.10800999575080525,0.04039516559853537,0.07308507181709828,0.0511648627917457,0.0644899619885403,0.06747193942318273,0.07820594921156136,0.08829364188623479,0.03580566171089749,0.07104425503421856,0.033715438276955,0.08286398929137408,0.05977463784247481
